SWEEPING S
Step, Positive, Negative, Diff
0,784,0,784
5,785,0,785
10,783,0,783
15,784,0,784
20,785,0,785
25,785,0,785
30,785,0,785
35,785,0,785
40,784,0,784
45,784,0,784
50,784,0,784
55,784,0,784
60,784,0,784
65,783,0,783
70,786,0,786
75,785,0,785
80,783,0,783
85,784,0,784
90,783,0,783
95,784,0,784
100,784,0,784
105,784,0,784
110,784,0,784
115,782,0,782
120,783,0,783
125,784,0,784
130,783,0,783
135,783,0,783
140,783,0,783
145,784,0,784
150,784,0,784
155,784,0,784
160,784,0,784
165,784,0,784
170,784,0,784
175,785,0,785
180,785,0,785
185,784,0,784
190,786,0,786
195,784,0,784
200,784,0,784
205,783,0,783
210,784,0,784
215,783,0,783
220,785,0,785
225,784,0,784
230,783,0,783
235,784,0,784
240,784,0,784
245,785,0,785
250,784,0,784
255,783,0,783
